# wavelength [nm] 	 position [qc]
5.000000000000000000e+02 -4.096272699999997276e+05
5.100000000000000000e+02 -4.102228399999997346e+05
5.200000000000000000e+02 -4.102782699999997276e+05
5.300000000000000000e+02 -4.102238399999997346e+05
5.400000000000000000e+02 -4.100708399999997346e+05
5.500000000000000000e+02 -4.098884099999997416e+05
5.600000000000000000e+02 -4.093258399999997346e+05
5.700000000000000000e+02 -4.099978399999997346e+05
5.800000000000000000e+02 -4.101248399999997346e+05
5.900000000000000000e+02 -4.098888399999997346e+05
6.000000000000000000e+02 -4.094709799999997485e+05
6.100000000000000000e+02 -4.095928399999997346e+05
6.200000000000000000e+02 -4.098978399999997346e+05
6.300000000000000000e+02 -4.096754099999997416e+05
6.400000000000000000e+02 -4.091738399999997346e+05
6.500000000000000000e+02 -4.095334099999997416e+05
6.600000000000000000e+02 -4.093759799999997485e+05
6.700000000000000000e+02 -4.091062699999997276e+05
6.800000000000000000e+02 -4.099658399999997346e+05
6.900000000000000000e+02 -4.094308399999997346e+05
7.000000000000000000e+02 -4.096078399999997346e+05
7.100000000000000000e+02 -4.090208299999997835e+05
7.200000000000000000e+02 -4.092928399999997346e+05
7.300000000000000000e+02 -4.090218399999997346e+05
7.400000000000000000e+02 -4.089604099999997416e+05
7.500000000000000000e+02 -4.094698399999997346e+05
7.600000000000000000e+02 -4.091088399999997346e+05
7.700000000000000000e+02 -4.082678399999997346e+05
7.800000000000000000e+02 -4.093372699999997276e+05
7.900000000000000000e+02 -4.092978399999997346e+05
8.000000000000000000e+02 -4.092678399999997346e+05
8.100000000000000000e+02 -4.077398399999997346e+05
8.200000000000000000e+02 -4.088672699999997276e+05
8.300000000000000000e+02 -4.086548399999997346e+05
8.400000000000000000e+02 -4.083602699999997276e+05
8.500000000000000000e+02 -4.087744099999997416e+05