Wavelength	Optimal motor OPL [qc]
5.000000000000000000e+02 -4.219550000000000000e+05
5.318181818181817653e+02 -4.227030000000000000e+05
5.636363636363636469e+02 -4.220000000000000000e+05
5.954545454545454122e+02 -4.220450000000000000e+05
6.272727272727272939e+02 -4.219880000000000000e+05
6.590909090909090592e+02 -4.218300000000000000e+05
6.909090909090909408e+02 -4.218700000000000000e+05
7.227272727272727061e+02 -4.217590000000000000e+05
7.545454545454545878e+02 -4.217450000000000000e+05
7.863636363636363531e+02 -4.215800000000000000e+05
8.181818181818181183e+02 -4.210640000000000000e+05
8.500000000000000000e+02 -4.211960000000000000e+05
