wavelength	position qc
5.000000000000000000e+02 -3.531794399999998277e+05
5.035353535353535790e+02 -3.530755799999998417e+05
5.070707070707070443e+02 -3.534109999999998836e+05
5.106060606060606233e+02 -3.531999999999998836e+05
5.141414141414142023e+02 -3.530349999999998836e+05
5.176767676767676676e+02 -3.529149999999998836e+05
5.212121212121212466e+02 -3.526148599999998696e+05
5.247474747474748256e+02 -3.524858599999998696e+05
5.282828282828282909e+02 -3.523298599999998696e+05
5.318181818181817562e+02 -3.523469999999998836e+05
5.353535353535353352e+02 -3.523601399999998976e+05
5.388888888888889142e+02 -3.517828599999998696e+05
5.424242424242423795e+02 -3.514007199999998556e+05
5.459595959595959584e+02 -3.515629999999998836e+05
5.494949494949495374e+02 -3.510458599999998696e+05
5.530303030303030027e+02 -3.506378599999998696e+05
5.565656565656565817e+02 -3.503999999999998836e+05
5.601010101010100470e+02 -3.501529999999998836e+05
5.636363636363636260e+02 -3.505062799999999115e+05
5.671717171717172050e+02 -3.506662799999999115e+05
5.707070707070706703e+02 -3.506301399999998976e+05
5.742424242424242493e+02 -3.505049999999998836e+05
5.777777777777777146e+02 -3.504899999999998836e+05
5.813131313131312936e+02 -3.503989999999998836e+05
5.848484848484848726e+02 -3.504521399999998976e+05
5.883838383838384516e+02 -3.500609999999998836e+05
5.919191919191919169e+02 -3.498209999999998836e+05
5.954545454545453822e+02 -3.495919999999998836e+05
5.989898989898989612e+02 -3.493859999999998836e+05
6.025252525252525402e+02 -3.492039999999998836e+05
6.060606060606061192e+02 -3.490929999999998836e+05
6.095959595959595845e+02 -3.491049999999998836e+05
6.131313131313130498e+02 -3.494361399999998976e+05
6.166666666666666288e+02 -3.494489999999998836e+05
6.202020202020202078e+02 -3.493218599999998696e+05
6.237373737373737868e+02 -3.490287199999998556e+05
6.272727272727272521e+02 -3.489658599999998696e+05
6.308080808080808310e+02 -3.488739999999998836e+05
6.343434343434344100e+02 -3.486309999999998836e+05
6.378787878787878753e+02 -3.482378599999998696e+05
6.414141414141414543e+02 -3.482949999999998836e+05
6.449494949494949196e+02 -3.482349999999998836e+05
6.484848484848484986e+02 -3.484531399999998976e+05
6.520202020202020776e+02 -3.483469999999998836e+05
6.555555555555555429e+02 -3.481748599999998696e+05
6.590909090909090082e+02 -3.480898599999998696e+05
6.626262626262625872e+02 -3.480909999999998836e+05
6.661616161616161662e+02 -3.479119999999998836e+05
6.696969696969697452e+02 -3.477258599999998696e+05
6.732323232323232105e+02 -3.477317199999998556e+05
6.767676767676767895e+02 -3.476804399999998277e+05
6.803030303030302548e+02 -3.484478599999998696e+05
6.838383838383838338e+02 -3.482077199999998556e+05
6.873737373737374128e+02 -3.475524399999998277e+05
6.909090909090909918e+02 -3.478278599999998696e+05
6.944444444444444571e+02 -3.477699999999998836e+05
6.979797979797979224e+02 -3.477731399999998976e+05
7.015151515151515014e+02 -3.478242799999999115e+05
7.050505050505050804e+02 -3.472909999999998836e+05
7.085858585858585457e+02 -3.467607199999998556e+05
7.121212121212121247e+02 -3.468268599999998696e+05
7.156565656565655900e+02 -3.463515799999998417e+05
7.191919191919191690e+02 -3.473222799999999115e+05
7.227272727272727479e+02 -3.471761399999998976e+05
7.262626262626262132e+02 -3.470419999999998836e+05
7.297979797979797922e+02 -3.468248599999998696e+05
7.333333333333333712e+02 -3.467208599999998696e+05
7.368686868686869502e+02 -3.465528599999998696e+05
7.404040404040404155e+02 -3.466799999999998836e+05
7.439393939393938808e+02 -3.469431399999998976e+05
7.474747474747474598e+02 -3.473402799999999115e+05
7.510101010101010388e+02 -3.470979999999998836e+05
7.545454545454546178e+02 -3.470319999999998836e+05
7.580808080808080831e+02 -3.469451399999998976e+05
7.616161616161615484e+02 -3.467162799999999115e+05
7.651515151515151274e+02 -3.462641399999998976e+05
7.686868686868687064e+02 -3.458188599999998696e+05
7.722222222222222854e+02 -3.457707199999998556e+05
7.757575757575756370e+02 -3.461618599999998696e+05
7.792929292929293297e+02 -3.467191399999998976e+05
7.828282828282827950e+02 -3.466519999999998836e+05
7.863636363636363740e+02 -3.465468599999998696e+05
7.898989898989899530e+02 -3.467849999999998836e+05
7.934343434343433046e+02 -3.465768599999998696e+05
7.969696969696969973e+02 -3.465098599999998696e+05
8.005050505050504626e+02 -3.465329999999998836e+05
8.040404040404040416e+02 -3.462349999999998836e+05
8.075757575757576205e+02 -3.458149999999998836e+05
8.111111111111110858e+02 -3.448675799999998417e+05
8.146464646464646648e+02 -3.451978599999998696e+05
8.181818181818181301e+02 -3.458201399999998976e+05
8.217171717171718228e+02 -3.460589999999998836e+05
8.252525252525251744e+02 -3.458647199999998556e+05
8.287878787878787534e+02 -3.457627199999998556e+05
8.323232323232323324e+02 -3.457589999999998836e+05
8.358585858585857977e+02 -3.451718599999998696e+05
8.393939393939394904e+02 -3.453811399999998976e+05
8.429292929292928420e+02 -3.461886999999999534e+05
8.464646464646464210e+02 -3.464116999999999534e+05
8.500000000000000000e+02 -3.444740199999997858e+05
