Wavelength	Optimal motor OPL [qc]
5.000000000000000000e+02 -3.041930000000000000e+05
5.250000000000000000e+02 -3.063440000000000000e+05
5.500000000000000000e+02 -3.072870000000000000e+05
5.750000000000000000e+02 -3.085400000000000000e+05
6.000000000000000000e+02 -3.088170000000000000e+05
6.250000000000000000e+02 -3.098520000000000000e+05
6.500000000000000000e+02 -3.104310000000000000e+05
6.750000000000000000e+02 -3.106550000000000000e+05
7.000000000000000000e+02 -3.116180000000000000e+05
7.250000000000000000e+02 -3.116970000000000000e+05
7.500000000000000000e+02 -3.124170000000000000e+05
7.750000000000000000e+02 -3.116280000000000000e+05
8.000000000000000000e+02 -3.129350000000000000e+05
8.250000000000000000e+02 -3.127780000000000000e+05
8.500000000000000000e+02 -3.139550000000000000e+05
