Wavelength	Optimal motor OPL [qc]	Optimal motor OPL [um]
5.000000000000000000e+02 -4.037150000000000000e+05
5.100000000000000000e+02 -4.044110000000000000e+05
5.200000000000000000e+02 -4.043660000000000000e+05
5.300000000000000000e+02 -4.044110000000000000e+05
5.400000000000000000e+02 -4.042590000000000000e+05
5.500000000000000000e+02 -4.039760000000000000e+05
5.600000000000000000e+02 -4.035130000000000000e+05
5.700000000000000000e+02 -4.041850000000000000e+05
5.800000000000000000e+02 -4.043130000000000000e+05
5.900000000000000000e+02 -4.040760000000000000e+05
6.000000000000000000e+02 -4.036580000000000000e+05
6.100000000000000000e+02 -4.037800000000000000e+05
6.200000000000000000e+02 -4.040850000000000000e+05
6.300000000000000000e+02 -4.037650000000000000e+05
6.400000000000000000e+02 -4.033620000000000000e+05
6.500000000000000000e+02 -4.036210000000000000e+05
6.600000000000000000e+02 -4.035630000000000000e+05
6.700000000000000000e+02 -4.033920000000000000e+05
6.800000000000000000e+02 -4.039550000000000000e+05
6.900000000000000000e+02 -4.036190000000000000e+05
7.000000000000000000e+02 -4.037960000000000000e+05
7.100000000000000000e+02 -4.027150000000000000e+05
7.200000000000000000e+02 -4.034800000000000000e+05
7.300000000000000000e+02 -4.032100000000000000e+05
7.400000000000000000e+02 -4.030490000000000000e+05
7.500000000000000000e+02 -4.036570000000000000e+05
7.600000000000000000e+02 -4.032970000000000000e+05
7.700000000000000000e+02 -4.024540000000000000e+05
7.800000000000000000e+02 -4.036230000000000000e+05
7.900000000000000000e+02 -4.034850000000000000e+05
8.000000000000000000e+02 -4.034550000000000000e+05
8.100000000000000000e+02 -4.019260000000000000e+05
8.200000000000000000e+02 -4.029560000000000000e+05
8.300000000000000000e+02 -4.026440000000000000e+05
8.400000000000000000e+02 -4.024480000000000000e+05
8.500000000000000000e+02 -4.028620000000000000e+05

