# wavelength [nm] 	 position [qc]
5.000000000000000000e+02 -4.007041399999997229e+05
5.100000000000000000e+02 -4.012669999999997090e+05
5.200000000000000000e+02 -4.014101399999997229e+05
5.300000000000000000e+02 -4.013319999999997090e+05
5.400000000000000000e+02 -4.012269999999997090e+05
5.500000000000000000e+02 -4.010991399999997229e+05
5.600000000000000000e+02 -4.013406999999997788e+05
5.700000000000000000e+02 -4.013602799999997369e+05
5.800000000000000000e+02 -4.013549999999997090e+05
5.900000000000000000e+02 -4.011279999999997090e+05
6.000000000000000000e+02 -4.006799999999997090e+05
6.100000000000000000e+02 -4.010061399999997229e+05
6.200000000000000000e+02 -4.013201399999997229e+05
6.300000000000000000e+02 -4.008359999999997090e+05
6.400000000000000000e+02 -4.005409999999997090e+05
6.500000000000000000e+02 -4.008711399999997229e+05
6.600000000000000000e+02 -4.016406999999997788e+05
6.700000000000000000e+02 -4.006791399999997229e+05
6.800000000000000000e+02 -4.013259999999997090e+05
6.900000000000000000e+02 -4.009321399999997229e+05
7.000000000000000000e+02 -4.010631399999997229e+05
7.100000000000000000e+02 -3.997469999999997090e+05
7.200000000000000000e+02 -4.007451399999997229e+05
7.300000000000000000e+02 -4.003779999999997090e+05
7.400000000000000000e+02 -4.002289999999997090e+05
7.500000000000000000e+02 -4.008909999999997090e+05
7.600000000000000000e+02 -4.005749999999997090e+05
7.700000000000000000e+02 -3.998391399999997229e+05
7.800000000000000000e+02 -4.008528599999996950e+05
7.900000000000000000e+02 -4.008531399999997229e+05
8.000000000000000000e+02 -4.008781399999997229e+05
8.100000000000000000e+02 -3.992459999999997090e+05
8.200000000000000000e+02 -4.004932799999997369e+05
8.300000000000000000e+02 -4.002821399999997229e+05
8.400000000000000000e+02 -3.999928599999996950e+05
8.500000000000000000e+02 -4.006109799999998068e+05
