# wavelength [nm] 	 position [qc]
5.000000000000000000e+02 -4.096270000000001164e+05
5.100000000000000000e+02 -4.102220000000001164e+05
5.200000000000000000e+02 -4.102780000000001164e+05
5.300000000000000000e+02 -4.102230000000001164e+05
5.400000000000000000e+02 -4.100700000000001164e+05
5.500000000000000000e+02 -4.098880000000001164e+05
5.600000000000000000e+02 -4.078464500000001281e+05
5.700000000000000000e+02 -4.099970000000001164e+05
5.800000000000000000e+02 -4.101240000000001164e+05
5.900000000000000000e+02 -4.098880000000001164e+05
6.000000000000000000e+02 -4.094700000000001164e+05
6.100000000000000000e+02 -4.081134500000001281e+05
6.200000000000000000e+02 -4.098970000000001164e+05
6.300000000000000000e+02 -4.081964500000001281e+05
6.400000000000000000e+02 -4.091730000000001164e+05
6.500000000000000000e+02 -4.080544500000001281e+05
6.600000000000000000e+02 -4.093750000000001164e+05
6.700000000000000000e+02 -4.091060000000001164e+05
6.800000000000000000e+02 -4.099650000000001164e+05
6.900000000000000000e+02 -4.094300000000001164e+05
7.000000000000000000e+02 -4.081284500000001281e+05
7.100000000000000000e+02 -4.075414500000001281e+05
7.200000000000000000e+02 -4.078134500000001281e+05
7.300000000000000000e+02 -4.075424500000001281e+05
7.400000000000000000e+02 -4.074814500000001281e+05
7.500000000000000000e+02 -4.079904500000001281e+05
7.600000000000000000e+02 -4.091080000000001164e+05
7.700000000000000000e+02 -4.082670000000001164e+05
7.800000000000000000e+02 -4.093370000000001164e+05
7.900000000000000000e+02 -4.078184500000001281e+05
8.000000000000000000e+02 -4.077884500000001281e+05
8.100000000000000000e+02 -4.062604500000001281e+05
8.200000000000000000e+02 -4.088670000000001164e+05
8.300000000000000000e+02 -4.071754500000001281e+05
8.400000000000000000e+02 -4.083600000000001164e+05
8.500000000000000000e+02 -4.072954500000001281e+05
