# wavelength [nm] 	 position [qc]
5.000000000000000000e+02 -4.179969999999999418e+05
5.100000000000000000e+02 -4.182649999999999418e+05
5.200000000000000000e+02 -4.184799999999999418e+05
5.300000000000000000e+02 -4.186399999999999418e+05
5.400000000000000000e+02 -4.187479999999999418e+05
5.500000000000000000e+02 -4.188009999999999418e+05
5.600000000000000000e+02 -4.178162999999999302e+05
5.700000000000000000e+02 -4.187939999999999418e+05
5.800000000000000000e+02 -4.188009999999999418e+05
5.900000000000000000e+02 -4.188229999999999418e+05
6.000000000000000000e+02 -4.178712999999999302e+05
6.100000000000000000e+02 -4.178702999999999302e+05
6.200000000000000000e+02 -4.188039999999999418e+05
6.300000000000000000e+02 -4.186999999999999418e+05
6.400000000000000000e+02 -4.175682999999999302e+05
6.500000000000000000e+02 -4.184519999999999418e+05
6.600000000000000000e+02 -4.184189999999999418e+05
6.700000000000000000e+02 -4.184519999999999418e+05
6.800000000000000000e+02 -4.185349999999999418e+05
6.900000000000000000e+02 -4.185519999999999418e+05
7.000000000000000000e+02 -4.184859999999999418e+05
7.100000000000000000e+02 -4.173512999999999302e+05
7.200000000000000000e+02 -4.181239999999999418e+05
7.300000000000000000e+02 -4.179279999999999418e+05
7.400000000000000000e+02 -4.177579999999999418e+05
7.500000000000000000e+02 -4.185986999999999534e+05
7.600000000000000000e+02 -4.184606999999999534e+05
7.700000000000000000e+02 -4.172949999999999418e+05
7.800000000000000000e+02 -4.180566999999999534e+05
7.900000000000000000e+02 -4.177886999999999534e+05
8.000000000000000000e+02 -4.185713999999999651e+05
8.100000000000000000e+02 -4.166619999999999418e+05
8.200000000000000000e+02 -4.179796999999999534e+05
8.300000000000000000e+02 -4.175959999999999418e+05
8.400000000000000000e+02 -4.174822999999999302e+05
8.500000000000000000e+02 -4.186242999999999302e+05
