# wavelength [nm] 	 position [qc]
5.000000000000000000e+02 -3.997182999999999302e+05
5.100000000000000000e+02 -4.002802999999999302e+05
5.200000000000000000e+02 -4.004242999999999302e+05
5.300000000000000000e+02 -4.003452999999999302e+05
5.400000000000000000e+02 -4.002402999999999302e+05
5.500000000000000000e+02 -4.001132999999999302e+05
5.600000000000000000e+02 -3.993685999999999185e+05
5.700000000000000000e+02 -4.003742999999999302e+05
5.800000000000000000e+02 -4.003682999999999302e+05
5.900000000000000000e+02 -4.001412999999999302e+05
6.000000000000000000e+02 -3.996932999999999302e+05
6.100000000000000000e+02 -4.000202999999999302e+05
6.200000000000000000e+02 -4.003342999999999302e+05
6.300000000000000000e+02 -3.998492999999999302e+05
6.400000000000000000e+02 -3.995542999999999302e+05
6.500000000000000000e+02 -3.998852999999999302e+05
6.600000000000000000e+02 -3.996685999999999185e+05
6.700000000000000000e+02 -3.996932999999999302e+05
6.800000000000000000e+02 -4.003392999999999302e+05
6.900000000000000000e+02 -3.999462999999999302e+05
7.000000000000000000e+02 -4.000772999999999302e+05
7.100000000000000000e+02 -3.987602999999999302e+05
7.200000000000000000e+02 -3.997592999999999302e+05
7.300000000000000000e+02 -3.993912999999999302e+05
7.400000000000000000e+02 -3.992422999999999302e+05
7.500000000000000000e+02 -4.008899999999999418e+05
7.600000000000000000e+02 -3.995882999999999302e+05
7.700000000000000000e+02 -3.988532999999999302e+05
7.800000000000000000e+02 -3.998662999999999302e+05
7.900000000000000000e+02 -3.998672999999999302e+05
8.000000000000000000e+02 -3.998922999999999302e+05
8.100000000000000000e+02 -3.982592999999999302e+05
8.200000000000000000e+02 -3.995072999999999302e+05
8.300000000000000000e+02 -3.992962999999999302e+05
8.400000000000000000e+02 -3.990062999999999302e+05
8.500000000000000000e+02 -3.996242999999999302e+05
