# wavelength [nm] 	 position [qc]
5.000000000000000000e+02 -4.109089999999998836e+05
5.010028653295129288e+02 -4.099652999999998719e+05
5.020057306590258008e+02 -4.100072999999998719e+05
5.030085959885386728e+02 -4.110329999999998836e+05
5.040114613180515448e+02 -4.110719999999998836e+05
5.050143266475644737e+02 -4.111109999999998836e+05
5.060171919770773457e+02 -4.111479999999998836e+05
5.070200573065902745e+02 -4.111839999999998836e+05
5.080229226361032033e+02 -4.112199999999998836e+05
5.090257879656160185e+02 -4.112539999999998836e+05
5.100286532951289473e+02 -4.112869999999998836e+05
5.110315186246418193e+02 -4.113189999999998836e+05
5.120343839541546913e+02 -4.113499999999998836e+05
5.130372492836676201e+02 -4.113809999999998836e+05
5.140401146131805490e+02 -4.114099999999998836e+05
5.150429799426934778e+02 -4.114379999999998836e+05
5.160458452722062930e+02 -4.114649999999998836e+05
5.170487106017192218e+02 -4.114909999999998836e+05
5.180515759312320370e+02 -4.115159999999998836e+05
5.190544412607449658e+02 -4.115409999999998836e+05
5.200573065902578946e+02 -4.115639999999998836e+05
5.210601719197708235e+02 -4.115859999999998836e+05
5.220630372492836386e+02 -4.116069999999998836e+05
5.230659025787965675e+02 -4.116269999999998836e+05
5.240687679083094963e+02 -4.116459999999998836e+05
5.250716332378223115e+02 -4.116639999999998836e+05
5.260744985673352403e+02 -4.116809999999998836e+05
5.270773638968481691e+02 -4.116969999999998836e+05
5.280802292263609843e+02 -4.117119999999998836e+05
5.290830945558739131e+02 -4.117259999999998836e+05
5.300859598853868420e+02 -4.117389999999998836e+05
5.310888252148997708e+02 -4.117509999999998836e+05
5.320916905444125860e+02 -4.117619999999998836e+05
5.330945558739254011e+02 -4.117719999999998836e+05
5.340974212034384436e+02 -4.117799999999998836e+05
5.351002865329512588e+02 -4.117879999999998836e+05
5.361031518624641876e+02 -4.117949999999998836e+05
5.371060171919771165e+02 -4.108152999999998719e+05
5.381088825214899316e+02 -4.118059999999998836e+05
5.391117478510028604e+02 -4.108242999999998719e+05
5.401146131805156756e+02 -4.108262999999998719e+05
5.411174785100287181e+02 -4.108282999999998719e+05
5.421203438395415333e+02 -4.108292999999998719e+05
5.431232091690543484e+02 -4.108292999999998719e+05
5.441260744985673909e+02 -4.108272999999998719e+05
5.451289398280802061e+02 -4.108252999999998719e+05
5.461318051575931349e+02 -4.108222999999998719e+05
5.471346704871059501e+02 -4.108172999999998719e+05
5.481375358166189926e+02 -4.108122999999998719e+05
5.491404011461318078e+02 -4.108062999999998719e+05
5.501432664756446229e+02 -4.107982999999998719e+05
5.511461318051576654e+02 -4.107902999999998719e+05
5.521489971346704806e+02 -4.107802999999998719e+05
5.531518624641834094e+02 -4.107702999999998719e+05
5.541547277936962246e+02 -4.107592999999998719e+05
5.551575931232091534e+02 -4.107462999999998719e+05
5.561604584527220823e+02 -4.107332999999998719e+05
5.571633237822348974e+02 -4.107182999999998719e+05
5.581661891117479399e+02 -4.107032999999998719e+05
5.591690544412607551e+02 -4.106872999999998719e+05
5.601719197707735702e+02 -4.106712999999998719e+05
5.611747851002864991e+02 -4.106552999999998719e+05
5.621776504297994279e+02 -4.106402999999998719e+05
5.631805157593123567e+02 -4.106252999999998719e+05
5.641833810888251719e+02 -4.106102999999998719e+05
5.651862464183381007e+02 -4.105952999999998719e+05
5.661891117478510296e+02 -4.105812999999998719e+05
5.671919770773638447e+02 -4.105672999999998719e+05
5.681948424068768873e+02 -4.105532999999998719e+05
5.691977077363897024e+02 -4.105402999999998719e+05
5.702005730659025176e+02 -4.105262999999998719e+05
5.712034383954154464e+02 -4.114989999999998836e+05
5.722063037249283752e+02 -4.114859999999998836e+05
5.732091690544413041e+02 -4.114739999999998836e+05
5.742120343839541192e+02 -4.114609999999998836e+05
5.752148997134671617e+02 -4.114489999999998836e+05
5.762177650429799769e+02 -4.114379999999998836e+05
5.772206303724927920e+02 -4.114259999999998836e+05
5.782234957020057209e+02 -4.114149999999998836e+05
5.792263610315186497e+02 -4.114039999999998836e+05
5.802292263610315786e+02 -4.113929999999998836e+05
5.812320916905443937e+02 -4.113819999999998836e+05
5.822349570200573226e+02 -4.113719999999998836e+05
5.832378223495702514e+02 -4.113619999999998836e+05
5.842406876790830665e+02 -4.113519999999998836e+05
5.852435530085959954e+02 -4.113429999999998836e+05
5.862464183381089242e+02 -4.113339999999998836e+05
5.872492836676217394e+02 -4.113249999999998836e+05
5.882521489971346682e+02 -4.113159999999998836e+05
5.892550143266475970e+02 -4.113069999999998836e+05
5.902578796561605259e+02 -4.112989999999998836e+05
5.912607449856733410e+02 -4.112909999999998836e+05
5.922636103151861562e+02 -4.112829999999998836e+05
5.932664756446991987e+02 -4.112759999999998836e+05
5.942693409742120139e+02 -4.102822999999998719e+05
5.952722063037249427e+02 -4.102752999999998719e+05
5.962750716332378715e+02 -4.102692999999998719e+05
5.972779369627506867e+02 -4.102622999999998719e+05
5.982808022922636155e+02 -4.102562999999998719e+05
5.992836676217764307e+02 -4.102492999999998719e+05
6.002865329512894732e+02 -4.112289999999998836e+05
6.012893982808022884e+02 -4.102372999999998719e+05
6.022922636103151035e+02 -4.102302999999998719e+05
6.032951289398281460e+02 -4.102242999999998719e+05
6.042979942693409612e+02 -4.112029999999998836e+05
6.053008595988538900e+02 -4.102112999999998719e+05
6.063037249283667052e+02 -4.102042999999998719e+05
6.073065902578797477e+02 -4.101982999999998719e+05
6.083094555873925628e+02 -4.101912999999998719e+05
6.093123209169053780e+02 -4.101842999999998719e+05
6.103151862464184205e+02 -4.101782999999998719e+05
6.113180515759312357e+02 -4.101712999999998719e+05
6.123209169054441645e+02 -4.111509999999998836e+05
6.133237822349569797e+02 -4.111439999999998836e+05
6.143266475644699085e+02 -4.111369999999998836e+05
6.153295128939828373e+02 -4.111309999999998836e+05
6.163323782234956525e+02 -4.111239999999998836e+05
6.173352435530086950e+02 -4.111169999999998836e+05
6.183381088825215102e+02 -4.111109999999998836e+05
6.193409742120343253e+02 -4.111039999999998836e+05
6.203438395415472542e+02 -4.110969999999998836e+05
6.213467048710601830e+02 -4.110899999999998836e+05
6.223495702005731118e+02 -4.110829999999998836e+05
6.233524355300859270e+02 -4.110769999999998836e+05
6.243553008595988558e+02 -4.110699999999998836e+05
6.253581661891117847e+02 -4.110629999999998836e+05
6.263610315186245998e+02 -4.110559999999998836e+05
6.273638968481375287e+02 -4.110489999999998836e+05
6.283667621776504575e+02 -4.110419999999998836e+05
6.293696275071632726e+02 -4.110349999999998836e+05
6.303724928366762015e+02 -4.110279999999998836e+05
6.313753581661891303e+02 -4.110219999999998836e+05
6.323782234957020592e+02 -4.110149999999998836e+05
6.333810888252148743e+02 -4.100222999999998719e+05
6.343839541547278031e+02 -4.110009999999998836e+05
6.353868194842407320e+02 -4.100082999999998719e+05
6.363896848137535471e+02 -4.100012999999998719e+05
6.373925501432664760e+02 -4.099942999999998719e+05
6.383954154727794048e+02 -4.099872999999998719e+05
6.393982808022923336e+02 -4.099812999999998719e+05
6.404011461318051488e+02 -4.099752999999998719e+05
6.414040114613179639e+02 -4.099702999999998719e+05
6.424068767908310065e+02 -4.099652999999998719e+05
6.434097421203438216e+02 -4.099602999999998719e+05
6.444126074498567505e+02 -4.099562999999998719e+05
6.454154727793696793e+02 -4.099522999999998719e+05
6.464183381088824945e+02 -4.099482999999998719e+05
6.474212034383954233e+02 -4.099442999999998719e+05
6.484240687679082384e+02 -4.099412999999998719e+05
6.494269340974212810e+02 -4.109239999999998836e+05
6.504297994269340961e+02 -4.109219999999998836e+05
6.514326647564469113e+02 -4.109199999999998836e+05
6.524355300859599538e+02 -4.109179999999998836e+05
6.534383954154727689e+02 -4.109169999999998836e+05
6.544412607449856978e+02 -4.109159999999998836e+05
6.554441260744985129e+02 -4.109149999999998836e+05
6.564469914040114418e+02 -4.109139999999998836e+05
6.574498567335243706e+02 -4.109139999999998836e+05
6.584527220630371858e+02 -4.109149999999998836e+05
6.594555873925502283e+02 -4.099292999999998719e+05
6.604584527220630434e+02 -4.109159999999998836e+05
6.614613180515759723e+02 -4.099312999999998719e+05
6.624641833810887874e+02 -4.099332999999998719e+05
6.634670487106017163e+02 -4.099352999999998719e+05
6.644699140401146451e+02 -4.099372999999998719e+05
6.654727793696274603e+02 -4.099402999999998719e+05
6.664756446991405028e+02 -4.099422999999998719e+05
6.674785100286533179e+02 -4.099462999999998719e+05
6.684813753581661331e+02 -4.099492999999998719e+05
6.694842406876790619e+02 -4.099532999999998719e+05
6.704871060171919908e+02 -4.099572999999998719e+05
6.714899713467049196e+02 -4.099622999999998719e+05
6.724928366762177347e+02 -4.109529999999998836e+05
6.734957020057306636e+02 -4.099722999999998719e+05
6.744985673352435924e+02 -4.099782999999998719e+05
6.755014326647564076e+02 -4.099832999999998719e+05
6.765042979942693364e+02 -4.099882999999998719e+05
6.775071633237822653e+02 -4.099912999999998719e+05
6.785100286532950804e+02 -4.099922999999998719e+05
6.795128939828080092e+02 -4.109779999999998836e+05
6.805157593123209381e+02 -4.109759999999998836e+05
6.815186246418338669e+02 -4.109729999999998836e+05
6.825214899713466821e+02 -4.109689999999998836e+05
6.835243553008594972e+02 -4.109629999999998836e+05
6.845272206303725397e+02 -4.109549999999998836e+05
6.855300859598853549e+02 -4.099602999999998719e+05
6.865329512893982837e+02 -4.099492999999998719e+05
6.875358166189112126e+02 -4.109229999999998836e+05
6.885386819484240277e+02 -4.099232999999998719e+05
6.895415472779369566e+02 -4.108939999999998836e+05
6.905444126074497717e+02 -4.108769999999998836e+05
6.915472779369628142e+02 -4.108589999999998836e+05
6.925501432664756294e+02 -4.108389999999998836e+05
6.935530085959885582e+02 -4.108179999999998836e+05
6.945558739255014871e+02 -4.107949999999998836e+05
6.955587392550143022e+02 -4.107709999999998836e+05
6.965616045845272311e+02 -4.107449999999998836e+05
6.975644699140400462e+02 -4.107179999999998836e+05
6.985673352435530887e+02 -4.106889999999998836e+05
6.995702005730659039e+02 -4.106589999999998836e+05
7.005730659025787190e+02 -4.106269999999998836e+05
7.015759312320917616e+02 -4.105939999999998836e+05
7.025787965616045767e+02 -4.105589999999998836e+05
7.035816618911175055e+02 -4.105219999999998836e+05
7.045845272206303207e+02 -4.104849999999998836e+05
7.055873925501432495e+02 -4.104449999999998836e+05
7.065902578796561784e+02 -4.094182999999998719e+05
7.075931232091689935e+02 -4.093762999999998719e+05
7.085959885386820361e+02 -4.103179999999998836e+05
7.095988538681948512e+02 -4.092872999999998719e+05
7.106017191977076664e+02 -4.092402999999998719e+05
7.116045845272205952e+02 -4.082055999999998603e+05
7.126074498567335240e+02 -4.091412999999998719e+05
7.136103151862464529e+02 -4.090902999999998719e+05
7.146131805157592680e+02 -4.090382999999998719e+05
7.156160458452721969e+02 -4.089872999999998719e+05
7.166189111747851257e+02 -4.099249999999998836e+05
7.176217765042979408e+02 -4.108636999999998952e+05
7.186246418338108697e+02 -4.108196999999998952e+05
7.196275071633237985e+02 -4.097909999999998836e+05
7.206303724928367274e+02 -4.107356999999998952e+05
7.216332378223495425e+02 -4.106966999999998952e+05
7.226361031518624713e+02 -4.106586999999998952e+05
7.236389684813754002e+02 -4.106236999999998952e+05
7.246418338108882153e+02 -4.105896999999998952e+05
7.256446991404011442e+02 -4.105586999999998952e+05
7.266475644699140730e+02 -4.105286999999998952e+05
7.276504297994268882e+02 -4.105006999999998952e+05
7.286532951289398170e+02 -4.104746999999998952e+05
7.296561604584527458e+02 -4.094649999999998836e+05
7.306590257879656747e+02 -4.104276999999998952e+05
7.316618911174784898e+02 -4.104076999999998952e+05
7.326647564469913050e+02 -4.103886999999998952e+05
7.336676217765043475e+02 -4.103716999999998952e+05
7.346704871060171627e+02 -4.103576999999998952e+05
7.356733524355300915e+02 -4.103436999999998952e+05
7.366762177650430203e+02 -4.103326999999998952e+05
7.376790830945558355e+02 -4.103236999999998952e+05
7.386819484240687643e+02 -4.103166999999998952e+05
7.396848137535815795e+02 -4.103106999999998952e+05
7.406876790830946220e+02 -4.103066999999998952e+05
7.416905444126074372e+02 -4.103056999999998952e+05
7.426934097421202523e+02 -4.103056999999998952e+05
7.436962750716332948e+02 -4.103066999999998952e+05
7.446991404011461100e+02 -4.103106999999998952e+05
7.457020057306590388e+02 -4.103166999999998952e+05
7.467048710601718540e+02 -4.103236999999998952e+05
7.477077363896848965e+02 -4.103336999999998952e+05
7.487106017191977116e+02 -4.054161999999998370e+05
7.497134670487105268e+02 -4.054291999999998370e+05
7.507163323782235693e+02 -4.054441999999998370e+05
7.517191977077363845e+02 -4.054611999999998370e+05
7.527220630372493133e+02 -4.054801999999998370e+05
7.537249283667621285e+02 -4.054981999999998370e+05
7.547277936962750573e+02 -4.055161999999998370e+05
7.557306590257879861e+02 -4.055311999999998370e+05
7.567335243553008013e+02 -4.055441999999998370e+05
7.577363896848138438e+02 -4.055551999999998370e+05
7.587392550143266590e+02 -4.055651999999998370e+05
7.597421203438394741e+02 -4.055731999999998370e+05
7.607449856733524030e+02 -4.055791999999998370e+05
7.617478510028653318e+02 -4.045974999999998254e+05
7.627507163323782606e+02 -4.055851999999998370e+05
7.637535816618911895e+02 -4.045994999999998254e+05
7.647564469914040046e+02 -4.045984999999998254e+05
7.657593123209169335e+02 -4.045944999999998254e+05
7.667621776504297486e+02 -4.045894999999998254e+05
7.677650429799426774e+02 -4.045824999999998254e+05
7.687679083094554926e+02 -4.045734999999998254e+05
7.697707736389684214e+02 -4.045624999999998254e+05
7.707736389684814640e+02 -4.045494999999998254e+05
7.717765042979942791e+02 -4.045354999999998254e+05
7.727793696275072080e+02 -4.045184999999998254e+05
7.737822349570200231e+02 -4.045004999999998254e+05
7.747851002865328383e+02 -4.044804999999998254e+05
7.757879656160457671e+02 -4.044584999999998254e+05
7.767908309455586959e+02 -4.044344999999998254e+05
7.777936962750717385e+02 -4.053941999999998370e+05
7.787965616045845536e+02 -4.053671999999998370e+05
7.797994269340974824e+02 -4.053371999999998370e+05
7.808022922636102976e+02 -4.053061999999998370e+05
7.818051575931231127e+02 -4.052731999999998370e+05
7.828080229226360416e+02 -4.052381999999998370e+05
7.838108882521489704e+02 -4.052011999999998370e+05
7.848137535816620129e+02 -4.051621999999998370e+05
7.858166189111748281e+02 -4.051221999999998370e+05
7.868194842406876433e+02 -4.050791999999998370e+05
7.878223495702005721e+02 -4.050351999999998370e+05
7.888252148997133872e+02 -4.049891999999998370e+05
7.898280802292263161e+02 -4.049411999999998370e+05
7.908309455587392449e+02 -4.048911999999998370e+05
7.918338108882521738e+02 -4.048391999999998370e+05
7.928366762177651026e+02 -4.047891999999998370e+05
7.938395415472779177e+02 -4.047401999999998370e+05
7.948424068767908466e+02 -4.056798999999998487e+05
7.958452722063036617e+02 -4.056368999999998487e+05
7.968481375358164769e+02 -4.055958999999998487e+05
7.978510028653295194e+02 -4.065425999999998603e+05
7.988538681948424482e+02 -4.104493999999999069e+05
7.998567335243553771e+02 -4.104153999999999069e+05
8.008595988538681922e+02 -4.103843999999999069e+05
8.018624641833810074e+02 -4.103553999999999069e+05
8.028653295128939362e+02 -4.103293999999999069e+05
8.038681948424067514e+02 -4.043911999999998370e+05
8.048710601719197939e+02 -4.043691999999998370e+05
8.058739255014327227e+02 -4.043501999999998370e+05
8.068767908309456516e+02 -4.043331999999998370e+05
8.078796561604584667e+02 -4.043191999999998370e+05
8.088825214899712819e+02 -4.043071999999998370e+05
8.098853868194842107e+02 -4.033124999999998254e+05
8.108882521489970259e+02 -4.033054999999998254e+05
8.118911174785100684e+02 -4.033004999999998254e+05
8.128939828080229972e+02 -4.032984999999998254e+05
8.138968481375358124e+02 -4.042851999999998370e+05
8.148997134670487412e+02 -4.092156999999998952e+05
8.159025787965615564e+02 -4.033074999999998254e+05
8.169054441260744852e+02 -4.033144999999998254e+05
8.179083094555873004e+02 -4.033244999999998254e+05
8.189111747851002292e+02 -4.043231999999998370e+05
8.199140401146132717e+02 -4.043381999999998370e+05
8.209169054441260869e+02 -4.043551999999998370e+05
8.219197707736390157e+02 -4.043751999999998370e+05
8.229226361031518309e+02 -4.043971999999998370e+05
8.239255014326646460e+02 -4.044221999999998370e+05
8.249283667621775749e+02 -4.044491999999998370e+05
8.259312320916905037e+02 -4.044781999999998370e+05
8.269340974212035462e+02 -4.035244999999998254e+05
8.279369627507163614e+02 -4.015880999999998021e+05
8.289398280802291765e+02 -4.016240999999998021e+05
8.299426934097421054e+02 -4.016640999999998021e+05
8.309455587392549205e+02 -4.017050999999998021e+05
8.319484240687678493e+02 -4.017490999999998021e+05
8.329512893982807782e+02 -4.017960999999998021e+05
8.339541547277938207e+02 -4.018450999999998021e+05
8.349570200573066359e+02 -4.018960999999998021e+05
8.359598853868194510e+02 -4.009643999999997905e+05
8.369627507163323799e+02 -4.010203999999997905e+05
8.379656160458451950e+02 -4.010793999999997905e+05
8.389684813753581238e+02 -4.011403999999997905e+05
8.399713467048710527e+02 -4.012043999999997905e+05
8.409742120343839815e+02 -4.012703999999997905e+05
8.419770773638969104e+02 -4.023240999999998021e+05
8.429799426934097255e+02 -4.014093999999997905e+05
8.439828080229226543e+02 -4.014823999999997905e+05
8.449856733524354695e+02 -4.015583999999997905e+05
8.459885386819482846e+02 -4.016363999999997905e+05
8.469914040114613272e+02 -4.017163999999997905e+05
8.479942693409742560e+02 -4.017993999999997905e+05
8.489971346704871848e+02 -4.018853999999997905e+05
8.500000000000000000e+02 -4.019733999999997905e+05
