Wavelength	Optimal motor OPL [qc]
5.000000000000000000e+02 -3.121600000000000000e+05
5.100000000000000000e+02 -3.134510000000000000e+05
5.200000000000000000e+02 -3.139310000000000000e+05
5.300000000000000000e+02 -3.144990000000000000e+05
5.400000000000000000e+02 -3.148560000000000000e+05
5.500000000000000000e+02 -3.151020000000000000e+05
5.600000000000000000e+02 -3.148860000000000000e+05
5.700000000000000000e+02 -3.160820000000000000e+05
5.800000000000000000e+02 -3.166010000000000000e+05
5.900000000000000000e+02 -3.166450000000000000e+05
6.000000000000000000e+02 -3.166120000000000000e+05
6.100000000000000000e+02 -3.170280000000000000e+05
6.200000000000000000e+02 -3.176360000000000000e+05
6.300000000000000000e+02 -3.175870000000000000e+05
6.400000000000000000e+02 -3.175370000000000000e+05
6.500000000000000000e+02 -3.180710000000000000e+05
6.600000000000000000e+02 -3.181600000000000000e+05
6.700000000000000000e+02 -3.182040000000000000e+05
6.800000000000000000e+02 -3.190350000000000000e+05
6.900000000000000000e+02 -3.187940000000000000e+05
7.000000000000000000e+02 -3.192120000000000000e+05
7.100000000000000000e+02 -3.183410000000000000e+05
7.200000000000000000e+02 -3.193020000000000000e+05
7.300000000000000000e+02 -3.191320000000000000e+05
7.400000000000000000e+02 -3.191920000000000000e+05
7.500000000000000000e+02 -3.199820000000000000e+05
7.600000000000000000e+02 -3.197780000000000000e+05
7.700000000000000000e+02 -3.190740000000000000e+05
7.800000000000000000e+02 -3.203150000000000000e+05
7.900000000000000000e+02 -3.203530000000000000e+05
8.000000000000000000e+02 -3.204560000000000000e+05
8.100000000000000000e+02 -3.190530000000000000e+05
8.200000000000000000e+02 -3.202470000000000000e+05
8.300000000000000000e+02 -3.201370000000000000e+05
8.400000000000000000e+02 -3.198730000000000000e+05
8.500000000000000000e+02 -3.206070000000000000e+05
