Wavelength	Optimal motor OPL [qc]
5.000000000000000000e+02 -1.780240000000000000e+05
5.388888888888888760e+02 -1.818380000000000000e+05
5.777777777777777519e+02 -1.845270000000000000e+05
6.166666666666666279e+02 -1.865210000000000000e+05
6.555555555555555038e+02 -1.877250000000000000e+05
6.944444444444444962e+02 -1.890810000000000000e+05
7.333333333333333721e+02 -1.895960000000000000e+05
7.722222222222222481e+02 -1.899230000000000000e+05
8.111111111111111240e+02 -1.900670000000000000e+05
8.500000000000000000e+02 -1.921860000000000000e+05
