Wavelength	Optimal motor OPL [qc]
5.000000000000000000e+02 -4.308050000000000000e+05
5.388888888888888760e+02 -4.311370000000000000e+05
5.777777777777777519e+02 -4.309410000000000000e+05
6.166666666666666279e+02 -4.308170000000000000e+05
6.555555555555555038e+02 -4.302470000000000000e+05
6.944444444444444962e+02 -4.301330000000000000e+05
7.333333333333333721e+02 -4.294880000000000000e+05
7.722222222222222481e+02 -4.287400000000000000e+05
8.111111111111111240e+02 -4.281420000000000000e+05
8.500000000000000000e+02 -4.291960000000000000e+05
