Wavelength	Optimal motor OPL [qc]
5.000000000000000000e+02 -1.860190000000000000e+05
5.100000000000000000e+02 -1.875480000000000000e+05
5.200000000000000000e+02 -1.884630000000000000e+05
5.300000000000000000e+02 -1.892620000000000000e+05
5.400000000000000000e+02 -1.897960000000000000e+05
5.500000000000000000e+02 -1.903650000000000000e+05
5.600000000000000000e+02 -1.904180000000000000e+05
5.700000000000000000e+02 -1.917650000000000000e+05
5.800000000000000000e+02 -1.925080000000000000e+05
5.900000000000000000e+02 -1.927480000000000000e+05
6.000000000000000000e+02 -1.928350000000000000e+05
6.100000000000000000e+02 -1.934700000000000000e+05
6.200000000000000000e+02 -1.942550000000000000e+05
6.300000000000000000e+02 -1.943890000000000000e+05
6.400000000000000000e+02 -1.944280000000000000e+05
6.500000000000000000e+02 -1.951390000000000000e+05
6.600000000000000000e+02 -1.954390000000000000e+05
6.700000000000000000e+02 -1.955770000000000000e+05
6.800000000000000000e+02 -1.965360000000000000e+05
6.900000000000000000e+02 -1.965570000000000000e+05
7.000000000000000000e+02 -1.969740000000000000e+05
7.100000000000000000e+02 -1.960850000000000000e+05
7.200000000000000000e+02 -1.972160000000000000e+05
7.300000000000000000e+02 -1.972180000000000000e+05
7.400000000000000000e+02 -1.974000000000000000e+05
7.500000000000000000e+02 -1.982630000000000000e+05
7.600000000000000000e+02 -1.980850000000000000e+05
7.700000000000000000e+02 -1.975140000000000000e+05
7.800000000000000000e+02 -1.987440000000000000e+05
7.900000000000000000e+02 -1.996760000000000000e+05
8.000000000000000000e+02 -1.991150000000000000e+05
8.100000000000000000e+02 -1.978090000000000000e+05
8.200000000000000000e+02 -1.990120000000000000e+05
8.300000000000000000e+02 -1.989720000000000000e+05
8.400000000000000000e+02 -1.988900000000000000e+05
8.500000000000000000e+02 -1.994160000000000000e+05
