Wavelength	Optimal motor OPL [qc]
5.000000000000000000e+02 -3.104100000000000000e+05
5.100000000000000000e+02 -3.115710000000000000e+05
5.200000000000000000e+02 -3.121530000000000000e+05
5.300000000000000000e+02 -3.127050000000000000e+05
5.400000000000000000e+02 -3.130270000000000000e+05
5.500000000000000000e+02 -3.133700000000000000e+05
5.600000000000000000e+02 -3.131840000000000000e+05
5.700000000000000000e+02 -3.143100000000000000e+05
5.800000000000000000e+02 -3.147710000000000000e+05
5.900000000000000000e+02 -3.149680000000000000e+05
6.000000000000000000e+02 -3.147970000000000000e+05
6.100000000000000000e+02 -3.152790000000000000e+05
6.200000000000000000e+02 -3.159010000000000000e+05
6.300000000000000000e+02 -3.158150000000000000e+05
6.400000000000000000e+02 -3.158270000000000000e+05
6.500000000000000000e+02 -3.163200000000000000e+05
6.600000000000000000e+02 -3.164620000000000000e+05
6.700000000000000000e+02 -3.164550000000000000e+05
6.800000000000000000e+02 -3.173310000000000000e+05
6.900000000000000000e+02 -3.171920000000000000e+05
7.000000000000000000e+02 -3.174690000000000000e+05
7.100000000000000000e+02 -3.166640000000000000e+05
7.200000000000000000e+02 -3.175430000000000000e+05
7.300000000000000000e+02 -3.174250000000000000e+05
7.400000000000000000e+02 -3.174670000000000000e+05
7.500000000000000000e+02 -3.182680000000000000e+05
7.600000000000000000e+02 -3.180690000000000000e+05
7.700000000000000000e+02 -3.173390000000000000e+05
7.800000000000000000e+02 -3.185780000000000000e+05
7.900000000000000000e+02 -3.185860000000000000e+05
8.000000000000000000e+02 -3.187230000000000000e+05
8.100000000000000000e+02 -3.173470000000000000e+05
8.200000000000000000e+02 -3.185630000000000000e+05
8.300000000000000000e+02 -3.184700000000000000e+05
8.400000000000000000e+02 -3.181680000000000000e+05
8.500000000000000000e+02 -3.187570000000000000e+05
