Wavelength	Optimal motor OPL [qc]
5.000000000000000000e+02 -1.842190000000000000e+05
5.388888888888888760e+02 -1.880810000000000000e+05
5.777777777777777519e+02 -1.904990000000000000e+05
6.166666666666666279e+02 -1.924450000000000000e+05
6.555555555555555038e+02 -1.935150000000000000e+05
6.944444444444444962e+02 -1.949990000000000000e+05
7.333333333333333721e+02 -1.954540000000000000e+05
7.722222222222222481e+02 -1.957490000000000000e+05
8.111111111111111240e+02 -1.959340000000000000e+05
8.500000000000000000e+02 -1.978160000000000000e+05
