Wavelength	Optimal motor OPL [qc]
5.000000000000000000e+02 -4.376050000000000000e+05
5.388888888888888760e+02 -4.379280000000000000e+05
5.777777777777777519e+02 -4.377350000000000000e+05
6.166666666666666279e+02 -4.374730000000000000e+05
6.555555555555555038e+02 -4.368640000000000000e+05
6.944444444444444962e+02 -4.368520000000000000e+05
7.333333333333333721e+02 -4.360560000000000000e+05
7.722222222222222481e+02 -4.352930000000000000e+05
8.111111111111111240e+02 -4.346890000000000000e+05
8.500000000000000000e+02 -4.355960000000000000e+05
