# wavelength [nm] 	 position [qc]
5.000000000000000000e+02 -4.091336999999999534e+05
5.100000000000000000e+02 -4.092362999999999302e+05
5.200000000000000000e+02 -4.097846999999999534e+05
5.300000000000000000e+02 -4.102229999999999418e+05
5.400000000000000000e+02 -4.095766999999999534e+05
5.500000000000000000e+02 -4.093946999999999534e+05
5.600000000000000000e+02 -4.088316999999999534e+05
5.700000000000000000e+02 -4.095036999999999534e+05
5.800000000000000000e+02 -4.096306999999999534e+05
5.900000000000000000e+02 -4.093946999999999534e+05
6.000000000000000000e+02 -4.089766999999999534e+05
6.100000000000000000e+02 -4.090986999999999534e+05
6.200000000000000000e+02 -4.094036999999999534e+05
6.300000000000000000e+02 -4.091816999999999534e+05
6.400000000000000000e+02 -4.086796999999999534e+05
6.500000000000000000e+02 -4.090396999999999534e+05
6.600000000000000000e+02 -4.088816999999999534e+05
6.700000000000000000e+02 -4.081202999999999302e+05
6.800000000000000000e+02 -4.094716999999999534e+05
6.900000000000000000e+02 -4.089366999999999534e+05
7.000000000000000000e+02 -4.091136999999999534e+05
7.100000000000000000e+02 -4.075409999999999418e+05
7.200000000000000000e+02 -4.087986999999999534e+05
7.300000000000000000e+02 -4.085276999999999534e+05
7.400000000000000000e+02 -4.084666999999999534e+05
7.500000000000000000e+02 -4.089756999999999534e+05
7.600000000000000000e+02 -4.086146999999999534e+05
7.700000000000000000e+02 -4.077736999999999534e+05
7.800000000000000000e+02 -4.083512999999999302e+05
7.900000000000000000e+02 -4.088036999999999534e+05
8.000000000000000000e+02 -4.082802999999999302e+05
8.100000000000000000e+02 -4.072456999999999534e+05
8.200000000000000000e+02 -4.083736999999999534e+05
8.300000000000000000e+02 -4.081606999999999534e+05
8.400000000000000000e+02 -4.068809999999999418e+05
8.500000000000000000e+02 -407771.932
